Hyperparameter Tuning Results 
================================================================================

η       m       CE loss   MSE       Accuracy  
0.0010  0.20    0.4948    0.1607    0.7848    
0.0010  0.60    0.4468    0.1414    0.8185    
0.0500  0.20    0.4062    0.1258    0.8354    
0.0500  0.60    0.4065    0.1276    0.8249    
0.1000  0.20    0.4029    0.1260    0.8295    
0.1000  0.60    0.4062    0.1270    0.8272    

================================================================================
